4294967279,102
4294967278,355
4294967279,104
4294967279,103
4294967294,12
4294967294,104
4294967294,106
4294967294,166
4294967294,24
4294967294,173
4294967279,105
4294967278,354
4294967279,107
4294967279,106
4294967279,541
4294967278,353
4294967279,540
4294967279,539
4294967279,538
4294967279,110
4294967279,109
4294967279,108
4294967278,352
4294967279,537
4294967278,351
4294967279,536
4294967279,117
4294967279,116
4294967279,115
4294967279,114
4294967279,113
4294967279,112
4294967279,111
4294967278,350
4294967278,349
4294967279,535
4294967278,7
4294967278,6
4294967278,5
4294967278,4
4294967279,132
4294967279,131
4294967279,130
4294967279,129
4294967279,128
4294967279,127
4294967279,126
4294967279,125
4294967279,124
4294967279,123
4294967279,122
4294967279,121
4294967279,120
4294967279,119
4294967279,118
4294967278,348
4294967279,534
4294967278,347
4294967278,346
4294967279,533
4294967278,37
4294967278,36
4294967278,34
4294967278,33
4294967278,32
4294967278,31
4294967278,30
4294967278,29
4294967278,28
4294967278,27
4294967278,26
4294967278,25
4294967278,23
4294967278,22
4294967278,21
4294967278,20
4294967278,19
4294967278,18
4294967278,17
4294967278,272
4294967278,16
4294967278,15
4294967278,14
4294967278,13
4294967278,12
4294967278,11
4294967278,10
4294967278,9
4294967278,8
4294967279,22
4294967279,17
4294967279,14
4294967279,11
4294967279,532
4294967278,345
4294967278,174
4294967279,531
4294967279,530
4294967279,529
4294967278,165
4294967279,528
4294967278,163
4294967278,161
4294967278,159
4294967278,158
4294967278,157
4294967278,156
4294967278,155
4294967278,154
4294967278,153
4294967278,152
4294967278,151
4294967278,150
4294967278,149
4294967278,148
4294967278,344
4294967278,35
4294967279,527
4294967278,146
4294967278,144
4294967278,142
4294967278,141
28,4
28,3
28,2
28,1
4294967279,526
4294967278,140
4294967278,139
4294967278,138
27,4
4294967278,277
27,3
27,2
27,1
4294967278,343
4294967278,24
4294967278,136
4294967294,392
4294967294,388
4294967294,114
4294967294,120
4294967294,115
4294967279,21
26,4
4294967279,133
26,3
26,2
26,1
4294967279,268
4294967279,271
4294967279,270
4294967279,267
4294967294,436
4294967279,266
4294967279,16
4294967279,278
4294967279,265
4294967279,264
4294967279,262
25,4
4294967279,263
25,3
25,2
25,1
4294967279,525
4294967279,12
4294967294,41
4294967279,261
4294967279,275
4294967278,342
4294967278,341
4294967279,258
4294967279,257
4294967279,256
23,4
4294967279,255
23,3
23,2
23,1
4294967294,393
4294967279,254
4294967294,198
4294967279,253
4294967278,258
4294967279,524
22,4
4294967278,257
22,3
22,2
22,1
4294967278,340
4294967279,523
4294967278,339
4294967279,522
4294967294,387
4294967294,386
4294967278,338
4294967279,521
4294967294,42
4294967278,337
21,4
4294967279,520
21,3
21,2
21,1
4294967294,1030
4294967294,1077
4294967294,29
4294967294,1049
4294967279,519
4294967278,336
4294967294,45
4294967294,426
4294967294,53
4294967294,52
4294967294,408
4294967294,400
4294967294,178
4294967294,385
4294967294,406
4294967294,1076
4294967294,415
4294967294,183
4294967294,443
4294967294,1047
4294967294,402
4294967294,405
4294967294,111
4294967294,184
4294967294,164
4294967294,175
4294967294,169
4294967294,109
4294967294,113
4294967279,518
4294967278,335
4294967294,84
4294967279,517
4294967278,334
4294967279,516
20,4
4294967278,254
20,3
20,2
20,1
4294967278,333
4294967279,515
4294967294,91
4294967294,88
4294967294,87
4294967294,85
4294967278,332
4294967278,253
4294967278,250
19,4
19,3
19,2
19,1
4294967279,514
4294967278,248
4294967278,246
4294967278,244
18,4
4294967278,242
18,3
18,2
18,1
4294967278,241
4294967278,240
4294967278,236
4294967279,513
4294967278,331
4294967278,330
17,5
4294967278,234
4294967278,232
17,4
17,3
17,2
17,1
4294967278,230
4294967278,228
4294967278,226
4294967278,227
4294967278,224
16,5
4294967294,423
4294967278,220
16,4
4294967278,218
16,3
16,2
16,1
4294967278,217
0,7
4294967294,468
4294967278,216
4294967278,215
4294967279,512
4294967278,329
4294967278,328
4294967279,319
4294967279,260
4294967279,0
4294967278,327
4294967278,210
4294967278,326
4294967279,318
4294967279,317
4294967278,325
4294967294,469
4294967279,316
4294967279,315
4294967278,324
4294967278,323
4294967279,314
4294967278,322
4294967278,205
4294967278,321
4294967279,313
4294967279,312
4294967278,320
4294967294,389
4294967279,311
4294967279,310
4294967278,319
4294967278,318
4294967279,309
4294967278,317
4294967278,200
4294967278,316
4294967279,308
4294967279,307
4294967278,315
4294967279,306
4294967279,305
4294967278,314
4294967278,313
4294967279,304
4294967278,312
4294967278,195
4294967278,311
4294967279,303
4294967279,302
4294967294,2
4294967278,310
4294967294,89
4294967279,301
4294967279,300
4294967278,309
4294967278,308
4294967278,0
4294967279,299
4294967294,0
4294967294,1031
